H10_nissl_1_x5_z0 128 8448 1792 1600 1 
H10_nissl_1_x5_z0 256 5568 1600 1600 2 
H10_nissl_1_x5_z0 320 3072 1600 1408 3 
H10_nissl_1_x5_z0 512 640 1216 1152 4 
H10_nissl_1_x5_z0 2688 8320 1792 1600 5 
H10_nissl_1_x5_z0 2752 5568 1600 1600 6 
H10_nissl_1_x5_z0 2816 3008 1472 1600 7 
H10_nissl_1_x5_z0 2880 576 1536 1536 8 
H10_nissl_1_x5_z0 5440 8384 1792 1600 9 
H10_nissl_1_x5_z0 5440 448 1600 1728 10 
H10_nissl_1_x5_z0 5504 2880 1536 1728 11 
H10_nissl_1_x5_z0 5568 5632 1600 1600 12 
H10_nissl_1_x5_z0 7808 384 1600 1728 13 
H10_nissl_1_x5_z0 7872 2944 1536 1728 14 
H10_nissl_1_x5_z0 8128 5760 1600 1600 15 
H10_nissl_1_x5_z0 8384 8384 1792 1600 16 
H10_nissl_1_x5_z0 10624 384 1600 1728 17 
H10_nissl_1_x5_z0 10816 8512 1792 1600 18 
H10_nissl_1_x5_z0 10816 2944 1536 1728 19 
H10_nissl_1_x5_z0 10816 5760 1600 1600 20 
H10_nissl_1_x5_z0 13440 512 1600 1728 21 
H10_nissl_1_x5_z0 13568 8512 1792 1600 22 
H10_nissl_1_x5_z0 13568 3072 1536 1728 23 
H10_nissl_1_x5_z0 13568 5760 1600 1600 24 
H10_nissl_1_x5_z0 16192 2944 2048 1728 25 
H10_nissl_1_x5_z0 16192 5952 2368 1600 26 
H10_nissl_1_x5_z0 16256 576 1984 1664 27 
H10_nissl_1_x5_z0 16384 8512 2368 1792 28 
H10_nissl_2_x5_z0 256 4672 2752 1856 29
H10_nissl_2_x5_z0 448 1152 2560 1856 30
H10_nissl_2_x5_z0 3584 576 2880 2240 31
H10_nissl_2_x5_z0 3840 4160 2752 2176 32 
H10_nissl_2_x5_z0 7232 512 2880 2240 33 
H10_nissl_2_x5_z0 7296 3904 2944 2496 34 
H10_nissl_2_x5_z0 11264 256 3072 2688 35 
H10_nissl_2_x5_z0 11264 3840 2944 2496 36 
H10_nissl_2_x5_z0 15232 3776 3648 2624 37
H10_nissl_2_x5_z0 15360 320 3648 2688 38
H10_nissl_2_x5_z0 19584 128 3712 2880 39 
H10_nissl_2_x5_z0 19840 3776 4032 2688 40 
H10_nissl_3_x5_z0 512 256 4032 2816 41 
H10_nissl_3_x5_z0 768 3648 4224 3008 42
H10_nissl_3_x5_z0 5440 320 4224 2944 43 
H10_nissl_3_x5_z0 5568 3712 4224 3008 44 
H10_nissl_3_x5_z0 10304 192 4288 3072 45 
H10_nissl_3_x5_z0 10432 3712 4416 3072 46 
H10_nissl_3_x5_z0 15040 3776 4416 3072 47 
H10_nissl_3_x5_z0 15104 192 4480 3008 48 
H10_nissl_4_x5_z0 960 704 4736 2880 49 
H10_nissl_4_x5_z0 1280 4160 4736 2944 50 
H10_nissl_4_x5_z0 6016 576 4736 2944 51
H10_nissl_4_x5_z0 6080 4224 4736 2944 52 
H10_nissl_4_x5_z0 11072 4160 4736 2944 53 
H10_nissl_4_x5_z0 11200 576 4736 2944 54 
H10_nissl_4_x5_z0 16000 512 4736 2944 55
H10_nissl_4_x5_z0 16128 4224 4736 2944 56 
H10_nissl_5_x5_z0 896 576 4608 3008 57 
H10_nissl_5_x5_z0 1280 4736 4480 3008 58 
H10_nissl_5_x5_z0 5696 4480 4608 3008 59
H10_nissl_5_x5_z0 5824 576 4608 3008 60
H10_nissl_5_x5_z0 10752 512 4224 3008 61 
H10_nissl_5_x5_z0 11456 4544 3712 2880 62 
H10_nissl_5_x5_z0 15424 4480 3968 2880 63
H10_nissl_5_x5_z0 15488 640 4224 3008 64 
H10_nissl_6_x5_z0 256 768 4544 3008  65
H10_nissl_6_x5_z0 256 4672 4928 3136 66 
H10_nissl_6_x5_z0 5760 4608 4928 3136 67 
H10_nissl_6_x5_z0 5824 768 4544 3008 68 
H10_nissl_6_x5_z0 11264 4288 4928 3136 69 
H10_nissl_6_x5_z0 11328 512 4928 3136 70
H10_nissl_6_x5_z0 16576 4352 4928 3136 71 
H10_nissl_6_x5_z0 16768 448 4928 3136 72 
H10_nissl_7_x5_z0 512 4224 5696 3392 73 
H10_nissl_7_x5_z0 704 576 5312 3200 74 
H10_nissl_7_x5_z0 6144 4288 5440 3456 75 
H10_nissl_7_x5_z0 6208 576 5312 3200 76 
H10_nissl_7_x5_z0 11520 512 5696 3392 77 
H10_nissl_7_x5_z0 11712 4288 5440 3456 78
H10_nissl_7_x5_z0 17216 4160 5440 3456 79 
H10_nissl_7_x5_z0 17216 512 5696 3392 80 
H12_nissl_1_x5_z0 128 2688 2112 1728 1 
H12_nissl_1_x5_z0 128 5376 2176 1920 2 
H12_nissl_1_x5_z0 384 256 1536 1536 3 
H12_nissl_1_x5_z0 512 8256 1792 1600 4 
H12_nissl_1_x5_z0 2496 2752 2112 1728 5 
H12_nissl_1_x5_z0 2752 384 1536 1536 6 
H12_nissl_1_x5_z0 2752 5504 2176 1920 7 
H12_nissl_1_x5_z0 3008 8128 1792 1600 8 
H12_nissl_1_x5_z0 5504 2752 1600 1664 9 
H12_nissl_1_x5_z0 5632 320 1536 1536 10 
H12_nissl_1_x5_z0 5632 5504 2176 1920 11 
H12_nissl_1_x5_z0 5824 8256 1792 1600 12 
H12_nissl_1_x5_z0 8000 5568 2176 1920 13 
H12_nissl_1_x5_z0 8384 2752 1600 1664 14 
H12_nissl_1_x5_z0 8384 320 1536 1536 15 
H12_nissl_1_x5_z0 10816 5440 2176 1920 16 
H12_nissl_1_x5_z0 11072 256 1536 1536 17 
H12_nissl_1_x5_z0 11200 8192 1792 1600 18 
H12_nissl_1_x5_z0 11200 2880 1600 1664 19 
H12_nissl_1_x5_z0 13824 5440 2176 1920 20 
H12_nissl_1_x5_z0 14016 2880 1600 1664 21 
H12_nissl_1_x5_z0 14016 256 1536 1536 22 
H12_nissl_1_x5_z0 14208 8192 1792 1600 23 
H12_nissl_1_x5_z0 17024 2880 1920 1792 24 
H12_nissl_1_x5_z0 17088 320 1792 1536 25 
H12_nissl_1_x5_z0 17088 5440 2176 1920 26 
H12_nissl_1_x5_z0 17152 8128 2176 1664 27 
H12_nissl_1_x5_z0 20224 8384 2304 1664 28 
H12_nissl_1_x5_z0 20224 256 2112 1728 29 
H12_nissl_1_x5_z0 20288 2880 2176 1920 30 
H12_nissl_1_x5_z0 20288 5504 2176 1920 31 
H12_nissl_2_x5_z0 320 4928 2560 2688 32 
H12_nissl_2_x5_z0 384 1024 2368 2368 33 
H12_nissl_2_x5_z0 3840 832 2624 2624 34 
H12_nissl_2_x5_z0 4096 4672 2560 2688 35 
H12_nissl_2_x5_z0 7616 960 2624 2624 36 
H12_nissl_2_x5_z0 7936 4416 3008 3008 37 
H12_nissl_2_x5_z0 11392 448 2944 2688 38 
H12_nissl_2_x5_z0 11776 4288 3264 3136 39 
H12_nissl_2_x5_z0 15552 448 3200 2880 40 
H12_nissl_2_x5_z0 15616 4416 3584 2880 41 
H12_nissl_2_x5_z0 19648 4288 3776 3072 42 
H12_nissl_2_x5_z0 19648 384 3648 3136 43 
H12_nissl_3_x5_z0 576 4672 4416 3520 44 
H12_nissl_3_x5_z0 576 576 3904 3264 45 
H12_nissl_3_x5_z0 4928 448 4160 3264 46
H12_nissl_3_x5_z0 5120 4608 4416 3520 47 
H12_nissl_3_x5_z0 9600 4480 4416 3520 48 
H12_nissl_3_x5_z0 9664 384 4160 3264 49 
H12_nissl_3_x5_z0 14272 256 4416 3520 50 
H12_nissl_3_x5_z0 14400 4480 4416 3520 51 
H12_nissl_4_x5_z0 1024 384 4608 3264 52 
H12_nissl_4_x5_z0 1152 4224 4608 3648 53 
H12_nissl_4_x5_z0 5632 512 4608 3264 54 
H12_nissl_4_x5_z0 5952 4288 4608 3648 55 
H12_nissl_4_x5_z0 10688 384 4608 3264 56 
H12_nissl_4_x5_z0 10752 4288 4608 3648 57 
H12_nissl_4_x5_z0 15744 64 4608 3648 58 
H12_nissl_4_x5_z0 15872 4352 4608 3648 59 
H12_nissl_5_x5_z0 768 768 4928 3456 60 
H12_nissl_5_x5_z0 896 4672 5120 3264 61 
H12_nissl_5_x5_z0 5888 640 4928 3456 62
H12_nissl_5_x5_z0 5952 4736 5120 3264 63 
H12_nissl_5_x5_z0 11008 4544 4352 3200 64 
H12_nissl_5_x5_z0 11200 512 4544 3456 65
H12_nissl_5_x5_z0 15872 4416 4352 3200 66 
H12_nissl_5_x5_z0 15872 384 4416 3328 67 
H12_nissl_6_x5_z0 192 3968 5248 3712 68 
H12_nissl_6_x5_z0 512 320 4800 3584 69 
H12_nissl_6_x5_z0 5056 3968 5248 3712 70 
H12_nissl_6_x5_z0 5312 256 4800 3584 71 
H12_nissl_6_x5_z0 10240 320 4800 3584 72 
H12_nissl_6_x5_z0 10240 3968 5248 3712 73 
H12_nissl_6_x5_z0 15360 3968 5248 3712 74 
H12_nissl_6_x5_z0 15488 320 5248 3712 75 
H12_nissl_7_x5_z0 512 4288 5376 3392 76 
H12_nissl_7_x5_z0 512 384 5376 3392 77 
H12_nissl_7_x5_z0 5760 384 5376 3392 78 
H12_nissl_7_x5_z0 6144 4288 5312 3456 79 
H12_nissl_7_x5_z0 11072 448 5376 3392 80
H12_nissl_7_x5_z0 11392 4224 5312 3456 81 
H12_nissl_7_x5_z0 16512 512 5376 3392 82 
H12_nissl_7_x5_z0 16768 4224 5312 3456 83 
H13_nissl_1_x5_z0 768 512 5504 8192 1 
H13_nissl_1_x5_z0 6272 576 5504 8192 2 
H13_nissl_1_x5_z0 11648 384 5504 8192 3 
H13_nissl_1_x5_z0 16960 384 5504 8192 4 
H13_nissl_2_x5_z0 448 704 5824 8384 5
H13_nissl_2_x5_z0 6080 448 5632 8576 6 
H13_nissl_2_x5_z0 11712 576 5376 8576 7 
H13_nissl_2_x5_z0 17152 448 5376 8576 8 
H13_nissl_3_x5_z0 576 320 5504 9088 9 
H13_nissl_3_x5_z0 6016 320 5504 9088 10 
H13_nissl_3_x5_z0 11520 320 5504 9088 11 
H13_nissl_3_x5_z0 16960 384 5504 9088 12 
H13_nissl_4_x5_z0 576 384 5376 9152 13 
H13_nissl_4_x5_z0 5952 384 5376 9152 14 
H13_nissl_4_x5_z0 11264 448 5376 9152 15 
H13_nissl_4_x5_z0 16448 384 5376 9152 16
H13_nissl_5_x5_z0 576 320 5184 9344 17 
H13_nissl_5_x5_z0 5824 192 5184 9344 18 
H13_nissl_5_x5_z0 10880 128 5184 9344 19 
H13_nissl_5_x5_z0 16000 384 5184 9344 20 
H13_nissl_6_x5_z0 576 384 5248 8768 21 
H13_nissl_6_x5_z0 5696 256 5248 8768 22 
H13_nissl_6_x5_z0 10624 256 5248 8768 23 
H13_nissl_6_x5_z0 15680 256 4992 8768 24 
H13_nissl_7_x5_z0 512 320 4928 7680 25 
H13_nissl_7_x5_z0 5568 320 4928 7680 26 
H13_nissl_7_x5_z0 10624 256 4928 7680 27 
H13_nissl_7_x5_z0 16000 320 4928 7680 28
H3_nissl_1_x5_z0 64 320 4992 7936 1 
H3_nissl_1_x5_z0 3648 4672 5376 7936 2 
H3_nissl_1_x5_z0 7104 256 5376 7616 3 
H3_nissl_1_x5_z0 10688 4864 5376 7616 4 
H3_nissl_1_x5_z0 13312 512 5184 6976 5 
H3_nissl_1_x5_z0 17024 5184 5440 7168 6 
H3_nissl_1_x5_z0 19392 576 5568 5056 7 
H3_nissl_1_x5_z0 22720 5440 4096 4736 8 
H3_nissl_2_x5_z0 512 512 5568 8320 9 
H3_nissl_2_x5_z0 6592 384 5568 8320 10 
H3_nissl_2_x5_z0 12736 512 5568 8320 11 
H3_nissl_2_x5_z0 18496 512 5568 8320 12 
H3_nissl_3_x5_z0 384 512 5504 8000 13 
H3_nissl_3_x5_z0 5952 448 5504 8000 14 
H3_nissl_3_x5_z0 11520 448 5504 8000 15 
H3_nissl_3_x5_z0 17408 512 5504 8000 16 
H3_nissl_4_x5_z0 576 576 5760 6784 17 
H3_nissl_4_x5_z0 6400 512 5760 6784 18 
H3_nissl_4_x5_z0 12160 512 5760 6784 19 
H3_nissl_4_x5_z0 17856 576 5760 6784 20
H3_nissl_5_x5_z0 704 448 5760 7488 21 
H3_nissl_5_x5_z0 6464 832 5760 7488 22 
H3_nissl_5_x5_z0 12096 576 5824 7744 23 
H3_nissl_5_x5_z0 17664 448 5824 7936 24 
H3_nissl_6_x5_z0 64 448 5760 7040 25 
H3_nissl_6_x5_z0 5952 448 5760 7040 26 
H3_nissl_6_x5_z0 12032 576 5760 7040 27 
H3_nissl_6_x5_z0 17792 512 5760 6784 28
H3_nissl_7_x5_z0 64 512 5568 7360 29
H3_nissl_7_x5_z0 5632 576 5696 7360 30 
H3_nissl_7_x5_z0 11456 448 5632 7232 31 
H3_nissl_7_x5_z0 17216 576 5632 7232 32
H3_nissl_8_x5_z0 64 512 5632 6976 33 
H3_nissl_8_x5_z0 5760 576 5632 6976 34 
H3_nissl_8_x5_z0 11456 576 5760 7040 35 
H3_nissl_8_x5_z0 17664 576 5760 7040 36
H3_nissl_9_x5_z0 576 576 5568 6848 37 
H3_nissl_9_x5_z0 6208 576 5568 6848 38 
H3_nissl_9_x5_z0 11840 576 5568 6848 39 
H3_nissl_9_x5_z0 17408 640 5568 6848 40
H4_nissl_1_x5_z0 576 640 4288 3456 1 
H4_nissl_1_x5_z0 640 4864 4416 3520 2 
H4_nissl_1_x5_z0 5120 576 4288 3456 3 
H4_nissl_1_x5_z0 5312 4800 4416 3520 4 
H4_nissl_1_x5_z0 9856 4800 4416 3520 5 
H4_nissl_1_x5_z0 9984 512 4288 3456 6 
H4_nissl_1_x5_z0 14464 4800 4416 3520 7 
H4_nissl_1_x5_z0 14656 448 4416 3520 8 
H4_nissl_2_x5_z0 448 4608 4608 3520 9 
H4_nissl_2_x5_z0 640 512 4608 3520 10
H4_nissl_2_x5_z0 5120 4672 4608 3520 11 
H4_nissl_2_x5_z0 5312 512 4608 3520 12 
H4_nissl_2_x5_z0 9984 4672 4608 3520 13 
H4_nissl_2_x5_z0 10112 448 4608 3520 14 
H4_nissl_2_x5_z0 14848 4672 4992 3584 15 
H4_nissl_2_x5_z0 15040 448 4608 3520 16 
H4_nissl_3_x5_z0 256 4224 4992 3456 17 
H4_nissl_3_x5_z0 512 384 4928 3264 18 
H4_nissl_3_x5_z0 5248 4160 4992 3456 19 
H4_nissl_3_x5_z0 5632 256 4928 3264 20 
H4_nissl_3_x5_z0 10560 256 5056 3392 21 
H4_nissl_3_x5_z0 10560 4160 4992 3456 22 
H4_nissl_3_x5_z0 15744 4096 5376 3456 23 
H4_nissl_3_x5_z0 16064 128 5120 3456 24 
H4_nissl_4_x5_z0 64 4096 5248 3584 25 
H4_nissl_4_x5_z0 128 64 5184 3392 26 
H4_nissl_4_x5_z0 5248 4096 5248 3712 27 
H4_nissl_4_x5_z0 5376 192 5248 3392 28 
H4_nissl_4_x5_z0 10624 256 5248 3392 29
H4_nissl_4_x5_z0 10624 4096 5248 3712 30 
H4_nissl_4_x5_z0 16000 320 5248 3392 31
H4_nissl_4_x5_z0 16256 4096 5248 3712 32 
H4_nissl_5_x5_z0 64 4352 5632 3648 33 
H4_nissl_5_x5_z0 320 192 5632 3776 34 
H4_nissl_5_x5_z0 5632 4352 5632 3648 35 
H4_nissl_5_x5_z0 5888 192 5632 3776 36 
H4_nissl_5_x5_z0 11328 4160 5632 3648 37 
H4_nissl_5_x5_z0 11456 128 5696 3904 38
H4_nissl_5_x5_z0 17088 4288 5632 3648 39 
H4_nissl_5_x5_z0 17280 256 5632 3584 40 
H5_nissl_1_x5_z0 256 4992 6208 4672 1 
H5_nissl_1_x5_z0 320 576 6080 4288 2 
H5_nissl_1_x5_z0 5312 4736 5952 5120 3 
H5_nissl_1_x5_z0 5696 320 6144 4736 4 
H5_nissl_1_x5_z0 9792 4672 6528 5120 5 
H5_nissl_1_x5_z0 11072 448 6080 5184 6 
H5_nissl_1_x5_z0 15040 5056 6528 5120 7 
H5_nissl_1_x5_z0 15680 576 6080 5312 8 
H5_nissl_2_x5_z0 256 5056 6720 4800 9 
H5_nissl_2_x5_z0 704 832 6912 4864 10 
H5_nissl_2_x5_z0 5568 256 6912 5056 11 
H5_nissl_2_x5_z0 5696 4800 6848 5440 12 
H5_nissl_2_x5_z0 10752 4672 7104 5568 13 
H5_nissl_2_x5_z0 10816 192 7168 5504 14 
H5_nissl_2_x5_z0 16320 384 7360 5888 15 
H5_nissl_2_x5_z0 16576 4928 7680 5568 16 
H5_nissl_3_x5_z0 192 5184 6784 6144 17 
H5_nissl_3_x5_z0 320 128 7360 5696 18 
H5_nissl_3_x5_z0 5824 5312 6784 6144 19 
H5_nissl_3_x5_z0 6016 320 6720 6016 20 
H5_nissl_3_x5_z0 10880 128 6848 6080 21 
H5_nissl_3_x5_z0 11328 5184 7104 6080 22 
H5_nissl_3_x5_z0 16320 192 7168 6528 23 
H5_nissl_3_x5_z0 17024 5440 7040 5888 24 
H5_nissl_4_x5_z0 128 832 7232 6080 25 
H5_nissl_4_x5_z0 128 5504 7232 6080 26 
H5_nissl_4_x5_z0 5696 512 7232 6080 27 
H5_nissl_4_x5_z0 6016 5696 7232 6080 28 
H5_nissl_4_x5_z0 11008 448 7232 6080 29 
H5_nissl_4_x5_z0 11840 5824 7232 6080 30 
H5_nissl_4_x5_z0 16704 576 7232 6080 31 
H5_nissl_4_x5_z0 17280 5888 7360 6080 32 
H6_nissl_1_x5_z0 256 4992 5568 3520 1 
H6_nissl_1_x5_z0 448 384 5184 3328 2 
H6_nissl_1_x5_z0 5760 128 5248 3520 3 
H6_nissl_1_x5_z0 5760 4800 5376 3712 4 
H6_nissl_1_x5_z0 11072 64 5568 3520 5 
H6_nissl_1_x5_z0 11072 4544 5568 3968 6 
H6_nissl_1_x5_z0 16640 4608 5632 4032 7 
H6_nissl_1_x5_z0 16768 256 5568 3520 8 
H6_nissl_2_x5_z0 320 256 5952 3840 9
H6_nissl_2_x5_z0 448 4672 5696 4544 10 
H6_nissl_2_x5_z0 5824 4672 6208 4480 11 
H6_nissl_2_x5_z0 6272 64 5696 4352 12 
H6_nissl_2_x5_z0 11200 4672 6208 4480 13 
H6_nissl_2_x5_z0 11328 128 6144 4544 14 
H6_nissl_2_x5_z0 16448 4288 6336 4544 15 
H6_nissl_2_x5_z0 16640 128 6144 4544 16 
H6_nissl_3_x5_z0 320 4096 6400 4800 17 
H6_nissl_3_x5_z0 960 64 6592 4288 18 
H6_nissl_3_x5_z0 5760 4096 6400 4800 19 
H6_nissl_3_x5_z0 7104 192 6592 4608 20 
H6_nissl_3_x5_z0 11648 4096 6912 4864 21 
H6_nissl_3_x5_z0 12800 64 6592 4608 22 
H6_nissl_3_x5_z0 17856 4288 7424 4608 23 
H6_nissl_3_x5_z0 18624 128 7040 4928 24 
H6_nissl_4_x5_z0 128 5056 7872 5504 25 
H6_nissl_4_x5_z0 512 640 8192 4416 26 
H6_nissl_4_x5_z0 6144 320 8384 5312 27 
H6_nissl_4_x5_z0 6144 4608 8256 5824 28 
H6_nissl_4_x5_z0 11840 128 8640 5888 29
H6_nissl_4_x5_z0 12416 5120 8256 5824 30 
H6_nissl_4_x5_z0 18304 448 7680 5888 31
H6_nissl_4_x5_z0 18432 5312 7808 5760 32 
H7_nissl_1_x5_z0 64 192 5824 3584 1 
H7_nissl_1_x5_z0 384 5120 5568 3520 2 
H7_nissl_1_x5_z0 5888 192 5824 3584 3 
H7_nissl_1_x5_z0 6144 4800 5824 3904 4 
H7_nissl_1_x5_z0 11392 4672 6016 3904 5 
H7_nissl_1_x5_z0 11520 64 5824 3584 6 
H7_nissl_1_x5_z0 17216 4480 6080 4096 7 
H7_nissl_1_x5_z0 17344 64 5952 3584 8 
H7_nissl_2_x5_z0 64 4800 6144 4544 9 
H7_nissl_2_x5_z0 128 512 6272 3904 10 
H7_nissl_2_x5_z0 6208 4864 6656 4480 11 
H7_nissl_2_x5_z0 6208 512 6272 3904 12 
H7_nissl_2_x5_z0 11968 4544 6656 4480 13 
H7_nissl_2_x5_z0 12160 128 6656 4352 14 
H7_nissl_2_x5_z0 17856 4608 6656 4480 15 
H7_nissl_2_x5_z0 18112 256 6720 4544 16 
H7_nissl_3_x5_z0 128 4672 7424 5632 17 
H7_nissl_3_x5_z0 256 128 7296 4736 18
H7_nissl_3_x5_z0 5568 192 7616 5056 19 
H7_nissl_3_x5_z0 5632 4800 7360 5440 20 
H7_nissl_3_x5_z0 11264 128 7552 5056 21
H7_nissl_3_x5_z0 11264 4736 7552 5504 22 
H7_nissl_3_x5_z0 16704 128 7744 5504 23 
H7_nissl_3_x5_z0 16960 4864 7936 5504 24 
H7_nissl_4_x5_z0 192 192 8320 5248 25 
H7_nissl_4_x5_z0 192 4864 8320 5440 26 
H7_nissl_4_x5_z0 5696 4864 8832 5440 27
H7_nissl_4_x5_z0 5824 192 8576 5376 28 
H7_nissl_4_x5_z0 11264 64 8448 5824 29
H7_nissl_4_x5_z0 11840 5120 8832 5440 30 
H7_nissl_4_x5_z0 16512 64 8896 5376 31
H7_nissl_4_x5_z0 17920 4864 8832 5440 32 
H7_nissl_5_x5_z0 128 4800 8192 6208 33 
H7_nissl_5_x5_z0 256 512 8384 5248 34 
H7_nissl_5_x5_z0 5568 128 8448 5952 35 
H7_nissl_5_x5_z0 6080 5312 8192 6208 36
H7_nissl_5_x5_z0 11392 128 7744 6208 37 
H7_nissl_5_x5_z0 11968 5376 8192 6208 38 
H7_nissl_5_x5_z0 16640 128 8192 6080 39 
H7_nissl_5_x5_z0 18624 5632 8640 5056 40 
H9_nissl_1_x5_z0 128 384 5120 5760 1 
H9_nissl_1_x5_z0 5504 512 5120 5760 2 
H9_nissl_1_x5_z0 10624 384 5120 5760 3 
H9_nissl_1_x5_z0 15808 320 4992 5120 4 
H9_nissl_2_x5_z0 576 640 5056 6080 5 
H9_nissl_2_x5_z0 5632 320 5056 6080 6 
H9_nissl_2_x5_z0 10624 512 5056 6080 7 
H9_nissl_2_x5_z0 15808 512 5056 6080 8 
H9_nissl_3_x5_z0 448 256 5184 7808 9 
H9_nissl_3_x5_z0 5824 448 5184 7808 10 
H9_nissl_3_x5_z0 11200 384 5184 7808 11 
H9_nissl_3_x5_z0 16384 448 5184 7808 12 
H9_nissl_4_x5_z0 256 448 5568 7360 13 
H9_nissl_4_x5_z0 6016 576 5568 7360 14 
H9_nissl_4_x5_z0 11520 704 5568 7360 15 
H9_nissl_4_x5_z0 17024 896 5568 7616 16
H9_nissl_5_x5_z0 704 512 5440 6656 17 
H9_nissl_5_x5_z0 6208 640 5440 6656 18 
H9_nissl_5_x5_z0 11776 512 5376 7040 19 
H9_nissl_5_x5_z0 17152 384 5376 7040 20
H9_nissl_6_x5_z0 704 512 5504 6592 21 
H9_nissl_6_x5_z0 6272 384 5504 6592 22 
H9_nissl_6_x5_z0 11904 448 5504 6592 23 
H9_nissl_6_x5_z0 17536 448 5504 6592 24 
H9_nissl_7_x5_z0 192 64 5440 7424 25 
H9_nissl_7_x5_z0 5632 64 5312 7424 26 
H9_nissl_7_x5_z0 11072 64 5312 7424 27 
H9_nissl_7_x5_z0 16448 64 5504 7488 28
tg1_nissl_1_x5_z0 64 448 4160 3200 1
tg1_nissl_1_x5_z0 192 4480 4864 3264 2 
tg1_nissl_1_x5_z0 4928 512 4544 3200 3
tg1_nissl_1_x5_z0 5184 4416 4864 3264 4 
tg1_nissl_1_x5_z0 10432 384 4864 3264 5 
tg1_nissl_1_x5_z0 10496 4352 4864 3264 6 
tg1_nissl_1_x5_z0 15744 4160 4864 3264 7 
tg1_nissl_1_x5_z0 15872 384 4864 3264 8 
tg1_nissl_2_x5_z0 128 4160 4736 3392 9 
tg1_nissl_2_x5_z0 192 128 4736 3392 10
tg1_nissl_2_x5_z0 5440 64 4736 3392 11 
tg1_nissl_2_x5_z0 5504 4096 4736 3392 12 
tg1_nissl_2_x5_z0 10624 128 4736 3392 13
tg1_nissl_2_x5_z0 10688 4096 4736 3392 14 
tg1_nissl_2_x5_z0 15680 128 4736 3392 15
tg1_nissl_2_x5_z0 15680 4096 4736 3392 16 
tg1_nissl_3_x5_z0 128 128 4736 3712 17 
tg1_nissl_3_x5_z0 320 3904 4736 3712 18 
tg1_nissl_3_x5_z0 5504 192 4736 3712 19
tg1_nissl_3_x5_z0 5696 4032 4736 3712 20 
tg1_nissl_3_x5_z0 11008 128 4736 3712 21
tg1_nissl_3_x5_z0 11200 3968 4736 3712 22 
tg1_nissl_3_x5_z0 16384 128 4736 3712 23 
tg1_nissl_3_x5_z0 16384 3968 4736 3712 24 
tg1_nissl_4_x5_z0 64 192 4864 3776 25 
tg1_nissl_4_x5_z0 192 4608 5312 4160 26 
tg1_nissl_4_x5_z0 5504 192 4992 3904 27
tg1_nissl_4_x5_z0 5568 4416 5312 4160 28 
tg1_nissl_4_x5_z0 11328 192 4992 3968 29
tg1_nissl_4_x5_z0 11520 4352 5312 4160 30 
tg1_nissl_4_x5_z0 17216 320 5312 4160 31 
tg1_nissl_4_x5_z0 17472 4480 5312 4416 32 
tg1_nissl_5_x5_z0 128 128 5632 5248 33 
tg1_nissl_5_x5_z0 256 5056 5888 5120 34 
tg1_nissl_5_x5_z0 6016 320 5632 5632 35
tg1_nissl_5_x5_z0 6144 5120 5888 5120 36 
tg1_nissl_5_x5_z0 12352 320 6016 5056 37
tg1_nissl_5_x5_z0 12608 5248 5888 5120 38 
tg1_nissl_5_x5_z0 18496 256 6016 5056 39
tg1_nissl_5_x5_z0 18752 5184 5888 5120 40 
tg1_nissl_6_x5_z0 64 256 5568 5440 41 
tg1_nissl_6_x5_z0 192 5056 5568 5760 42 
tg1_nissl_6_x5_z0 5696 192 5568 5760 43 
tg1_nissl_6_x5_z0 6016 5184 5568 5760 44 
tg1_nissl_6_x5_z0 11648 384 5568 5760 45 
tg1_nissl_6_x5_z0 11648 5184 5568 5760 46 
tg1_nissl_6_x5_z0 17152 448 5568 5760 47 
tg1_nissl_6_x5_z0 17216 5248 5568 5760 48 
tg1_nissl_7_x5_z0 64 5248 5312 5760 49 
tg1_nissl_7_x5_z0 128 256 5312 5760 50 
tg1_nissl_7_x5_z0 5504 384 5312 5760 51 
tg1_nissl_7_x5_z0 5696 5056 5312 5760 52 
tg1_nissl_7_x5_z0 11072 384 5312 5760 53 
tg1_nissl_7_x5_z0 11200 5184 5312 5760 54 
tg1_nissl_7_x5_z0 16512 256 5312 5760 55
tg1_nissl_7_x5_z0 16576 5568 5056 4416 56 
tg1_nissl_8_x5_z0 64 128 4672 4160 57 
tg1_nissl_8_x5_z0 256 4416 4544 3904 58 
tg1_nissl_8_x5_z0 5504 192 4672 4160 59
tg1_nissl_8_x5_z0 5824 4416 4544 3904 60 
tg1_nissl_8_x5_z0 10944 320 4672 4160 61
tg1_nissl_8_x5_z0 11200 4416 4736 3904 62 
tg1_nissl_8_x5_z0 16192 320 4672 4160 63 
tg1_nissl_8_x5_z0 16384 4352 4736 3904 64 
tg1_nissl_9_x5_z0 64 128 4608 3520 65
tg1_nissl_9_x5_z0 192 4096 4800 3520 66 
tg1_nissl_9_x5_z0 5376 4096 4800 3520 67 
tg1_nissl_9_x5_z0 5440 256 4608 3520 68
tg1_nissl_9_x5_z0 10624 320 4800 3520 69 
tg1_nissl_9_x5_z0 10624 4160 4800 3520 70 
tg1_nissl_9_x5_z0 15552 256 4800 3520 71 
tg1_nissl_9_x5_z0 15552 4096 4800 3520 72 
tg2_nissl_1_x5_z0 128 384 5184 3776 1 
tg2_nissl_1_x5_z0 256 4352 5184 3456 2 
tg2_nissl_1_x5_z0 5504 256 5184 3776 3 
tg2_nissl_1_x5_z0 5568 4224 5184 3456 4 
tg2_nissl_1_x5_z0 10944 192 5184 3776 5 
tg2_nissl_1_x5_z0 11136 4160 5184 3456 6 
tg2_nissl_1_x5_z0 16448 256 5184 3776 7 
tg2_nissl_1_x5_z0 17408 4096 5184 3456 8 
tg2_nissl_2_x5_z0 64 576 2176 2688 9
tg2_nissl_2_x5_z0 192 4416 2496 2944 10 
tg2_nissl_2_x5_z0 3328 512 2560 3008 11 
tg2_nissl_2_x5_z0 3392 4288 2752 3136 12 
tg2_nissl_2_x5_z0 6528 4096 3456 3328 13 
tg2_nissl_2_x5_z0 6656 384 2752 3200 14 
tg2_nissl_2_x5_z0 10112 256 3520 3264 15 
tg2_nissl_2_x5_z0 10176 3904 3776 3456 16 
tg2_nissl_2_x5_z0 13888 192 3840 3264 17 
tg2_nissl_2_x5_z0 14144 3904 3840 3456 18 
tg2_nissl_2_x5_z0 17920 64 4096 3328 19
tg2_nissl_2_x5_z0 18048 4032 4160 3392 20 
tg2_nissl_3_x5_z0 64 128 4288 3200 21 
tg2_nissl_3_x5_z0 320 3904 4416 3328 22 
tg2_nissl_3_x5_z0 4928 64 4416 3328 23 
tg2_nissl_3_x5_z0 5248 4032 4480 3328 24 
tg2_nissl_3_x5_z0 10176 64 4416 3328 25 
tg2_nissl_3_x5_z0 10240 3968 4480 3328 26 
tg2_nissl_3_x5_z0 15232 256 4416 3328 27 
tg2_nissl_3_x5_z0 15232 4032 4672 3328 28 
tg2_nissl_4_x5_z0 192 128 4800 3392 29 
tg2_nissl_4_x5_z0 384 4288 5120 3456 30 
tg2_nissl_4_x5_z0 5504 192 4928 3392 31
tg2_nissl_4_x5_z0 5696 4224 5120 3456 32 
tg2_nissl_4_x5_z0 11008 192 5120 3456 33 
tg2_nissl_4_x5_z0 11136 4160 5120 3456 34 
tg2_nissl_4_x5_z0 16576 192 5120 3456 35
tg2_nissl_4_x5_z0 16704 4224 5120 3456 36 
tg2_nissl_5_x5_z0 64 4544 4864 3392 37 
tg2_nissl_5_x5_z0 128 320 4736 3200 38 
tg2_nissl_5_x5_z0 5312 4288 5440 3456 39 
tg2_nissl_5_x5_z0 5440 128 5312 3456 40 
tg2_nissl_5_x5_z0 11072 64 5760 3456 41
tg2_nissl_5_x5_z0 11136 4416 5440 3456 42 
tg2_nissl_5_x5_z0 16640 128 5760 3456 43
tg2_nissl_5_x5_z0 16640 4416 5632 3520 44 
tg2_nissl_6_x5_z0 192 4480 5952 3584 45 
tg2_nissl_6_x5_z0 256 192 5952 3520 46
tg2_nissl_6_x5_z0 6208 192 5696 3456 47 
tg2_nissl_6_x5_z0 6464 4288 5952 3584 48 
tg2_nissl_6_x5_z0 11968 128 5696 3456 49
tg2_nissl_6_x5_z0 12480 4736 5824 3584 50 
tg2_nissl_6_x5_z0 17920 320 5952 3584 51 
tg2_nissl_6_x5_z0 18368 4544 5824 3584 52 
tg2_nissl_7_x5_z0 128 128 5760 3584 53 
tg2_nissl_7_x5_z0 320 4224 5760 3584 54 
tg2_nissl_7_x5_z0 6144 128 5760 3584 55
tg2_nissl_7_x5_z0 6144 4160 5760 3584 56 
tg2_nissl_7_x5_z0 11968 4224 5760 3584 57 
tg2_nissl_7_x5_z0 12032 128 5760 3584 58
tg2_nissl_7_x5_z0 17728 4096 5760 3584 59 
tg2_nissl_7_x5_z0 17856 256 5760 3584 60
tg2_nissl_8_x5_z0 192 128 5696 3712 61
tg2_nissl_8_x5_z0 384 4352 5696 3712 62 
tg2_nissl_8_x5_z0 5888 256 5696 3712 63 
tg2_nissl_8_x5_z0 5952 4224 5504 3712 64 
tg2_nissl_8_x5_z0 11520 4096 5696 3776 65 
tg2_nissl_8_x5_z0 11584 320 5696 3712 66 
tg2_nissl_8_x5_z0 17280 256 5696 3712 67 
tg2_nissl_8_x5_z0 17280 4032 5696 3776 68 
tg2_nissl_9_x5_z0 128 4032 5568 3712 69 
tg2_nissl_9_x5_z0 192 320 5568 3712 70 
tg2_nissl_9_x5_z0 5888 4032 5568 3712 71 
tg2_nissl_9_x5_z0 5952 256 5568 3712 72 
tg2_nissl_9_x5_z0 11520 128 5568 3712 73 
tg2_nissl_9_x5_z0 11520 3840 5568 3712 74 
tg2_nissl_9_x5_z0 17024 3712 5568 3712 75
tg2_nissl_9_x5_z0 17152 128 5568 3712 76 
tg5_nissl_1_x5_z0 64 64 4864 6400 1 
tg5_nissl_1_x5_z0 6272 64 4864 6400 2 
tg5_nissl_1_x5_z0 12608 64 4864 6400 3 
tg5_nissl_1_x5_z0 17984 64 4864 6400 4 
tg5_nissl_2_x5_z0 64 64 4992 7040 5 
tg5_nissl_2_x5_z0 5504 64 4992 7040 6 
tg5_nissl_2_x5_z0 11456 64 4992 7040 7
tg5_nissl_2_x5_z0 17088 64 4992 7040 8 
tg5_nissl_3_x5_z0 64 64 5312 7296 9 
tg5_nissl_3_x5_z0 5760 64 5312 7296 10 
tg5_nissl_3_x5_z0 11776 64 5312 7296 11 
tg5_nissl_3_x5_z0 17344 64 5312 7296 12 
tg5_nissl_4_x5_z0 192 2112 6016 8064 13 
tg5_nissl_4_x5_z0 6080 2368 6016 8064 14 
tg5_nissl_4_x5_z0 11968 2368 6016 8064 15 
tg5_nissl_4_x5_z0 17792 2368 6016 8064 16 
tg5_nissl_5_x5_z0 64 2688 5760 7744 17 
tg5_nissl_5_x5_z0 5824 2816 5760 7744 18 
tg5_nissl_5_x5_z0 11904 2752 5760 7744 19 
tg5_nissl_5_x5_z0 17792 2688 5760 7744 20 
tg5_nissl_6_x5_z0 64 2432 5888 7744 21 
tg5_nissl_6_x5_z0 6080 2496 5888 7744 22 
tg5_nissl_6_x5_z0 12096 2368 5888 7744 23 
tg5_nissl_6_x5_z0 17984 2496 6016 7872 24 
tg5_nissl_7_x5_z0 64 2368 5952 7168 25 
tg5_nissl_7_x5_z0 6080 2560 5952 7168 26 
tg5_nissl_7_x5_z0 12288 2496 5952 7168 27 
tg5_nissl_7_x5_z0 18240 2432 5952 7168 28
tg5_nissl_8_x5_z0 64 2112 5760 7936 29 
tg5_nissl_8_x5_z0 6144 2304 6144 8000 30 
tg5_nissl_8_x5_z0 12480 2304 6144 8000 31 
tg5_nissl_8_x5_z0 18496 2368 6144 8000 32 
tg5_nissl_9_x5_z0 320 2304 6272 7552 33 
tg5_nissl_9_x5_z0 6720 2560 6272 7552 34 
tg5_nissl_9_x5_z0 12992 2752 6272 7552 35 
tg5_nissl_9_x5_z0 19264 2880 6272 7552 36
tg5_nissl_10_x5_z0 64 2560 5760 7104 37 
tg5_nissl_10_x5_z0 5760 2688 6016 7168 38 
tg5_nissl_10_x5_z0 12032 2688 6016 7168 39 
tg5_nissl_10_x5_z0 18176 2624 6016 7168 40 
tg5_nissl_11_x5_z0 448 2752 6016 7808 41 
tg5_nissl_11_x5_z0 6528 2624 6016 7808 42 
tg5_nissl_11_x5_z0 12416 2624 6016 7808 43 
tg5_nissl_11_x5_z0 18432 2432 6016 7808 44 
tg5_nissl_12_x5_z0 256 2752 5312 6848 45 
tg5_nissl_12_x5_z0 6400 2688 5312 6848 46 
tg5_nissl_12_x5_z0 12352 2560 5312 6848 47 
tg5_nissl_12_x5_z0 18048 2624 5632 7104 48 
tg5_nissl_13_x5_z0 64 3072 4992 5952 49 
tg5_nissl_13_x5_z0 5568 2944 4992 6208 50 
tg5_nissl_13_x5_z0 11008 2880 5184 6528 51 
tg5_nissl_13_x5_z0 16512 2816 5184 6528 52
tg6_nissl_1_x5_z0 320 384 4736 3712 1 
tg6_nissl_1_x5_z0 384 4288 4736 3712 2 
tg6_nissl_1_x5_z0 5504 4416 4736 3712 3 
tg6_nissl_1_x5_z0 5632 256 4736 3712 4
tg6_nissl_1_x5_z0 10880 384 4736 3712 5 
tg6_nissl_1_x5_z0 11072 4288 4736 3712 6 
tg6_nissl_1_x5_z0 15936 384 4736 3712 7 
tg6_nissl_1_x5_z0 16192 4480 4736 3712 8 
tg6_nissl_2_x5_z0 64 320 2816 2880 9 
tg6_nissl_2_x5_z0 64 5056 3584 3136 10 
tg6_nissl_2_x5_z0 3328 64 3712 3264 11
tg6_nissl_2_x5_z0 3904 4800 3776 3328 12 
tg6_nissl_2_x5_z0 7616 64 3712 3264 13 
tg6_nissl_2_x5_z0 7872 4736 3968 3456 14 
tg6_nissl_2_x5_z0 12224 64 4160 3264 15 
tg6_nissl_2_x5_z0 12224 4736 4288 3456 16 
tg6_nissl_3_x5_z0 448 4672 4800 3648 17 
tg6_nissl_3_x5_z0 448 576 4288 3328 18
tg6_nissl_3_x5_z0 5120 4736 4800 3648 19 
tg6_nissl_3_x5_z0 5120 512 4608 3392 20 
tg6_nissl_3_x5_z0 10048 4800 4800 3648 21 
tg6_nissl_3_x5_z0 10176 320 4608 3584 22 
tg6_nissl_3_x5_z0 15104 384 4800 3648 23
tg6_nissl_3_x5_z0 15104 4544 4800 3648 24 
tg6_nissl_4_x5_z0 256 4352 5184 4032 25 
tg6_nissl_4_x5_z0 512 576 4864 3648 26 
tg6_nissl_4_x5_z0 5504 4416 5184 4032 27 
tg6_nissl_4_x5_z0 5568 384 5120 3712 28 
tg6_nissl_4_x5_z0 11072 448 5376 3776 29 
tg6_nissl_4_x5_z0 11264 4352 5184 4032 30 
tg6_nissl_4_x5_z0 16704 448 5504 3840 31 
tg6_nissl_4_x5_z0 16896 4608 5376 4032 32 
tg6_nissl_5_x5_z0 320 384 5440 3712 33 
tg6_nissl_5_x5_z0 704 4480 5440 3712 34 
tg6_nissl_5_x5_z0 5952 4608 5440 3712 35 
tg6_nissl_5_x5_z0 6080 448 5440 3712 36 
tg6_nissl_5_x5_z0 11264 4672 5440 3712 37 
tg6_nissl_5_x5_z0 11328 384 5440 3712 38 
tg6_nissl_5_x5_z0 16320 4416 5440 3712 39 
tg6_nissl_5_x5_z0 16576 448 5440 3712 40 
tg6_nissl_6_x5_z0 192 448 5120 3712 41 
tg6_nissl_6_x5_z0 256 4608 4928 3648 42 
tg6_nissl_6_x5_z0 5376 384 5184 3776 43 
tg6_nissl_6_x5_z0 5376 4800 5312 3712 44 
tg6_nissl_6_x5_z0 10944 4736 5632 3904 45 
tg6_nissl_6_x5_z0 10944 448 5440 3840 46 
tg6_nissl_6_x5_z0 16704 4800 5632 3904 47 
tg6_nissl_6_x5_z0 16832 448 5440 3840 48 
tg6_nissl_7_x5_z0 256 384 5760 3968 49 
tg6_nissl_7_x5_z0 320 4480 5760 3968 50 
tg6_nissl_7_x5_z0 6080 4608 5760 3968 51 
tg6_nissl_7_x5_z0 6208 320 5760 3968 52 
tg6_nissl_7_x5_z0 12032 4480 5760 3968 53 
tg6_nissl_7_x5_z0 12096 448 5760 3968 54 
tg6_nissl_7_x5_z0 17920 4544 5760 3968 55 
tg6_nissl_7_x5_z0 17984 576 5760 3968 56 
tg6_nissl_8_x5_z0 256 448 6080 3776 57 
tg6_nissl_8_x5_z0 384 4288 6080 3776 58 
tg6_nissl_8_x5_z0 6464 448 6080 3776 59
tg6_nissl_8_x5_z0 6528 4160 6080 3776 60 
tg6_nissl_8_x5_z0 12416 4224 6080 3776 61 
tg6_nissl_8_x5_z0 12416 448 6080 3776 62 
tg6_nissl_8_x5_z0 18560 4288 6080 3776 63 
tg6_nissl_8_x5_z0 18560 512 6080 3776 64 
tg6_nissl_9_x5_z0 320 4736 6144 3840 65 
tg6_nissl_9_x5_z0 448 384 6144 3840 66 
tg6_nissl_9_x5_z0 6528 4736 6144 3840 67 
tg6_nissl_9_x5_z0 6656 512 6144 3840 68 
tg6_nissl_9_x5_z0 12672 4672 6144 3840 69 
tg6_nissl_9_x5_z0 12736 576 6144 3840 70 
tg6_nissl_9_x5_z0 18688 4544 6144 3840 71 
tg6_nissl_9_x5_z0 18688 512 6144 3840 72 